100
362
9048
40
885
9012
76
797
9459
33
9
9850
8
8402
8402
8402
33
3091
4511
4910
8109
9174
311
449
65
53
184
21
1208
7355
5497
56
9098
10
2377
3433
88
173
9895
49
28
9938
5
3737
7387
7825
813
9105
83
6765
7393
33
5591
6109
7317
945
9416
90
574
9642
98
5202
7381
2271
4596
9945
731
65
9264
69
185
9961
37
4618
8105
9848
767
9156
85
5945
9768
8923
2136
5634
35
7
9062
45
244
9564
16
334
470
65
4643
4760
7782
3018
9270
2288
19
9912
3
124
211
6
697
9013
35
215
9276
27
221
9379
91
4812
9489
6043
45
9278
39
6580
7610
6781
182
9256
32
663
9308
19
647
9659
96
901
9022
97
169
435
28
34
9884
9
3547
4043
4503
8081
9745
9617
3409
3409
3409
16
9881
7
106
490
63
857
9901
25
264
9615
95
660
9059
18
2385
3376
7744
434
9457
79
4109
5768
9352
1
9974
6
7565
9990
97
555
9188
7
448
9682
52
3967
7263
2
3361
7296
96
5516
5538
965
972
9995
59
379
9654
73
188
9322
47
175
9011
27
309
4558
2420
48
9208
96
6860
9714
8205
309
9486
73
4195
8466
1047
84
9501
60
5586
5670
42
6943
8729
4568
1
9887
2
3
9874
4
1366
4497
8058
799
9678
51
32
9987
10
3035
7866
46
254
448
21
4116
9220
739
587
9236
59
2424
5179
8178
2773
2833
140
1303
9602
3738
15
9998
1
273
9805
16
123
488
17
697
1557
41
1727
4818
247
359
9902
6
2896
2896
2896
464
9040
57
4153
8778
6522
385
9945
81
1698
8279
2724
